11ῖ1111
(ρ 116001 0111011 011)

111.1111)))

11))111111111111;-”-;1111111111111“1-ςὸ-ψ.-

1 MISEROMAJREss———coN———NERRRRRR---
1)

11

11
1 111011115111111111111111111111111011111111111111111,Ᾰὲω,

1111111111 )

1 11111101111110-α11110111111111111111ο

1 R,

111 11(1)1ι 11

1 1
1 111111111111111111111111111111111

1 cIBIQ· M1N1M1MAxUssR1AQ·1NDUSRR1A
1111 1

1 MlNlMEMENDAGEMEMMELIGE'PCONDUGERE
· 1 NONEDEPOLEQUIDEMGREDOMERGENNARIUM

1 1111 ·

1 Γ91111111111111111111111111ὁ11------ο111)1111111111111111111111

1 11---“--·--»--,--------1111111111111111

ἣν 0111111111
1 11111--ψ--κψω-»Η--11111111101111111111111111 4 t
1 1111111111111111011--11111111111111111111111111111111
11 11111011111111111101111111011111111111111111111
1 111111111111111111111111111111111111101111111111
1 1111111111011111111111111111111111111111111111111111
1 1111111111111111110111111111111110110110111111
1 11111111111111111111[1111111011111001111111111

1 11111111111111111111111111011011111111111

 

